MSE
Baby1 : 0.0014652628755364807
Aloe: 0.0028299356223175968
Bowling1: 0.0007074839055793992
Cloth: 0.002772934549356223
Plastic: 0.0009857832618025751

DB
Baby1: 76.47164814571376
Aloe: 73.61303804916142
Bowling1: 79.63363796244104
Cloth: 73.7014074198925
Plastic: 78.1929892112964
